Random Walk Implementation:(N = 3)
-----------------------------------
5, 4, 
1, -1, -1, 1, 1, 
1, 0, 3, 4, 1, 
1, 0, 2, 2, 1, 
1, 1, 1, 1, 1, 

(2, left)

5, 4, 
1, -1, -1, 1, 1, 
1, 0, 3, 4, 1, 
1, 2, 2, 0, 1, 
1, 1, 1, 1, 1, 

(2, right)

5, 4, 
1, -1, -1, 1, 1, 
1, 0, 3, 4, 1, 
1, 0, 2, 2, 1, 
1, 1, 1, 1, 1, 

(3, left)

5, 4, 
1, -1, -1, 1, 1, 
1, 3, 0, 4, 1, 
1, 0, 2, 2, 1, 
1, 1, 1, 1, 1, 

BFS Implementation:
---------------------
5, 5, 
1, 1, 1, 1, 1, 
1, 3, 2, 2, 1, 
1, 0, 4, 5, 1, 
-1, 0, 6, 7, 1, 
1, 1, 1, 1, 1, 
(3, down)
(2, left)
(3, down)
(5, up)
(4, right)
(2, down)
(5, left)
(4, up)
(2, right)
(3, up)
(3, up)
(2, left)
(7, up)
(6, right)
(2, down)
(2, left)
5, 5, 
1, 1, 1, 1, 1, 
1, 3, 5, 4, 1, 
1, 0, 0, 7, 1, 
2, 2, 0, 6, 1, 
1, 1, 1, 1, 1, 
93 0.0275 16

DFS Implementation:
-----------------------
5, 5, 
1, 1, 1, 1, 1, 
1, 3, 2, 2, 1, 
1, 0, 4, 5, 1, 
-1, 0, 6, 7, 1, 
1, 1, 1, 1, 1, 
(6, left)
(7, left)
(6, up)
(7, left)
(5, down)
(4, down)
(2, down)
(3, right)
(6, up)
(7, up)
(4, left)
(5, left)
(3, right)
(6, right)
(5, right)
(4, right)
(7, down)
(2, left)
(5, up)
(4, right)
(7, right)
(6, left)
(3, left)
(7, left)
(5, up)
(4, up)
(7, right)
(7, right)
(2, down)
(2, left)
5, 5, 
1, 1, 1, 1, 1, 
1, 6, 3, 5, 1, 
1, 0, 0, 4, 1, 
2, 2, 0, 7, 1, 
1, 1, 1, 1, 1, 
34 0.00833 30

Iterative Deepening Search Implementation:
-------------------------------------------
5, 5, 
1, 1, 1, 1, 1, 
1, 3, 2, 2, 1, 
1, 0, 4, 5, 1, 
-1, 0, 6, 7, 1, 
1, 1, 1, 1, 1, 
(6, left)
(7, left)
(6, up)
(7, left)
(5, down)
(4, down)
(2, down)
(3, right)
(6, up)
(7, up)
(4, left)
(5, left)
(3, right)
(6, right)
(5, right)
(4, right)
(7, up)
(2, left)
(5, up)
(4, right)
(2, down)
(2, left)
5, 5, 
1, 1, 1, 1, 1, 
1, 7, 6, 3, 1, 
1, 0, 0, 5, 1, 
2, 2, 0, 4, 1, 
1, 1, 1, 1, 1, 
43 0.0103 22

A Star Search Implementation:
------------------------------
5, 5, 
1, 1, 1, 1, 1, 
1, 3, 2, 2, 1, 
1, 0, 4, 5, 1, 
-1, 0, 6, 7, 1, 
1, 1, 1, 1, 1, 
(6, left)
(7, left)
(5, down)
(4, left)
(2, down)
(3, right)
(4, up)
(2, left)
(5, up)
(7, right)
(5, up)
(7, up)
(6, right)
(6, right)
(2, down)
(2, left)
5, 5, 
1, 1, 1, 1, 1, 
1, 4, 3, 5, 1, 
1, 0, 0, 7, 1, 
2, 2, 0, 6, 1, 
1, 1, 1, 1, 1, 
87 0.0263 16
